year,GDP per capita growth (annual %),Gini index (World Bank estimate),"Unemployment, total (% of total labor force) (national estimate)",Income share held by highest 10%
1971,4.15917620599427,,,
1972,1.2901059690867,,,
1973,5.32729301473751,,,
1974,0.218005664944926,,,
1975,6.81644050919941,,,
1976,-3.08132198597882,,,
1977,6.11400167387855,,,
1978,9.84615685027552,,5.30000019073486,
1979,6.16566370932294,,5.40000009536743,
1980,6.49011265514277,,4.90000009536743,
1981,3.77490366463344,,3.79999995231628,
1982,7.4234102319374,,3.20000004768372,
1983,9.18113704957753,,2.29999995231628,
1984,13.6900198409219,,1.89999997615814,
1985,11.8965617103967,,1.79999995231628,
1986,7.34143347128678,,2.0,
1987,9.88116379585462,,2.0,
1988,9.44617135687768,,2.0,
1989,2.62085917492101,,2.59999990463257,
1990,2.40655857199583,32.2,2.5,25.8
1991,7.78209199050757,,2.29999995231628,
1992,12.8332095807123,,2.29999995231628,
1993,12.5819966439285,,2.59999990463257,
1994,11.7663891456246,,2.79999995231628,
1995,9.75495489020201,,2.90000009536743,
1996,8.77642981052642,35.2,3.0,27.3
1997,8.12449757701776,,3.09999990463257,
1998,6.8160645646963,,3.09999990463257,
1999,6.73348565843446,38.7,3.09999990463257,29.4
2000,7.63859767603294,,3.09999990463257,
2001,7.55165483155264,,3.59999990463257,
2002,8.40487997514565,42.0,4.0,31.3
2003,9.35477664390774,,4.30000019073486,
2004,9.4615587704991,,4.19999980926514,
2005,10.7413751264029,40.9,4.19999980926514,30.8
2006,12.0933046939024,,4.09999990463257,
2007,13.6358205006408,,4.0,
2008,9.09028010153618,43.0,4.19999980926514,32.0
2009,8.85594767555551,,4.30000019073486,
