year,GDP per capita growth (annual %),Gini index (World Bank estimate),"Unemployment, total (% of total labor force) (national estimate)",Income share held by highest 10%
1971,4.48503645585114,,2.67000007629395,
1972,3.67630097261473,,2.76999998092651,
1973,5.51594718225618,,2.69000005722046,
1974,3.55262482950845,,2.85999989509583,
1975,-1.58271219956511,,4.07999992370605,
1976,3.80121058799749,,4.46999979019165,
1977,2.99383826102881,,5.01000022888184,
1978,3.55238312244077,35.2,5.26999998092651,27.1
1979,3.12527609809175,,6.03000020980835,
1980,1.12868786768578,,6.42000007629395,
1981,0.578960627144468,,7.53999996185303,
1982,1.97434895469959,,8.19999980926514,
1983,0.689995895498413,,7.92000007629395,
1984,0.948111517274015,36.9,9.52999973297119,28.9
1985,1.05412130143901,,10.2600002288818,
1986,1.75995464182361,,10.2299995422363,
1987,1.9774927002141,,10.7399997711182,
1988,4.15339578345197,,10.1800003051758,
1989,3.78001535528227,32.2,9.61999988555908,24.7
1990,2.40164782158068,,9.35999965667725,
1991,0.489793534731334,,9.13000011444092,
1992,1.09540135945181,,10.210000038147,
1993,-1.05828811094526,,11.3199996948242,
1994,1.97800942199515,32.3,12.5900001525879,25.6
1995,1.73850555113575,,11.8400001525879,
1996,1.05456016296066,,12.3699998855591,
1997,1.97492975038789,,12.5699996948242,
1998,3.20752635009862,,12.0699996948242,
1999,2.89069241794468,,11.9799995422363,
2000,3.21428067337351,31.1,10.2200002670288,24.4
2001,1.24418881990496,,8.60999965667725,
2002,0.402714805881303,,8.69999980926514,
2003,0.111081739214896,31.4,8.3100004196167,25.2
2004,2.07536459512968,30.6,8.90999984741211,24.5
2005,0.899764540271406,29.8,8.48999977111816,23.9
2006,1.73754003299598,29.7,8.44999980926514,23.5
2007,1.79298221122066,32.4,7.65999984741211,26.2
2008,-0.303759657055082,33.0,7.05999994277954,26.7
2009,-3.37173720554279,32.7,8.73999977111816,26.1
