year,GDP per capita growth (annual %),Gini index (World Bank estimate),"Unemployment, total (% of total labor force) (national estimate)",Income share held by highest 10%
1971,2.94365017654113,,,
1972,3.80247601581306,,,
1973,4.44801719894595,,,
1974,0.850760324104428,,,
1975,-0.496434234538626,,,
1976,5.40021211134318,,,
1977,3.58143711174701,,,
1978,3.09818162904907,,,
1979,4.10433134190953,,,
1980,1.19869390758107,,,
1981,0.376242532945767,,,
1982,-0.300057816359015,,,
1983,1.83903418369323,,6.44999980926514,
1984,3.17898719416294,,6.67000007629395,
1985,2.55688360699232,,6.86999988555908,
1986,2.24053499792906,,6.6100001335144,
1987,1.24649968578119,,6.82000017166138,
1988,3.30286372189374,,6.32000017166138,
1989,3.09617999996819,,5.71000003814697,
1990,4.35163905422439,,4.8899998664856,
1991,4.34522005538682,29.2,5.32000017166138,22.9
1992,1.15104633199144,,6.32000017166138,
1993,-1.62568428424478,,7.67999982833862,
1994,2.03735420973175,29.2,8.72999954223633,23.1
1995,1.24614187560326,28.9,8.15999984741211,22.9
1996,0.514437284599765,,8.81999969482422,
1997,1.6433342731292,,9.85999965667725,
1998,1.99848532107309,28.3,9.78999996185303,22.3
1999,1.82142803058096,,8.85999965667725,
2000,2.77322125091402,28.8,7.92000007629395,23.0
2001,1.5105582606794,30.3,7.76999998092651,24.2
2002,-0.365628327264105,29.9,8.47999954223633,23.7
2003,-0.755077166602604,30.0,9.77999973297119,24.0
2004,1.1970553521185,30.4,10.7299995422363,24.2
2005,0.788917115869921,32.1,11.1700000762939,25.5
2006,3.9336103307084,31.3,10.25,24.9
2007,3.11424588261349,31.3,8.65999984741211,25.2
2008,1.1520297421751,31.1,7.51999998092651,24.8
2009,-5.45457716940945,30.5,7.73999977111816,24.1
