year,GDP per capita growth (annual %),Gini index (World Bank estimate),"Unemployment, total (% of total labor force) (national estimate)",Income share held by highest 10%
1971,1.34428039487906,,5.44000005722046,
1972,3.10348977837458,,6.3899998664856,
1973,6.40180594442019,,6.36999988555908,
1974,4.81201382086347,,5.38000011444092,
1975,-2.67318392261384,,5.82000017166138,
1976,6.59231972628913,,6.6399998664856,
1977,2.12582750574286,,,
1978,2.87293634907391,,7.23999977111816,
1979,5.65322399056257,,7.6399998664856,
1980,3.21717014392455,,7.53000020980835,
1981,0.723232399974208,,,
1982,0.33922498995851,,9.02999973297119,
1983,1.1324911624162,,8.56999969482422,
1984,3.20278297292819,,9.40999984741211,
1985,2.76838147537848,,9.40999984741211,
1986,2.85436688673717,32.5,10.5500001907349,24.7
1987,3.18143030285239,34.5,10.7200002670288,25.5
1988,4.14404212443536,,10.9700002670288,
1989,3.31086193455002,32.6,10.9899997711182,25.1
1990,1.90043982743266,,9.78999996185303,
1991,1.46817561113606,31.5,10.1000003814697,24.0
1992,0.765807599435163,,9.32999992370605,
1993,-0.913401721941298,35.5,10.2399997711182,26.2
1994,2.1302154755529,,11.0900001525879,
1995,2.88520235071749,35.2,11.6700000762939,26.2
1996,1.23832837048366,,11.8699998855591,
1997,1.77635122351289,,12.0,
1998,1.78132437367471,36.7,12.1199998855591,27.6
1999,1.60863473141113,,11.6899995803833,
2000,3.73994653301939,35.3,10.8400001525879,26.4
2001,1.89412399481279,,9.60000038146973,
2002,0.104759513559856,,9.21000003814697,
2003,-0.305508789463317,34.9,8.86999988555908,26.7
2004,0.769317663351927,34.3,7.86999988555908,26.3
2005,0.323656244406962,33.8,7.73000001907349,25.5
2006,1.48515735957702,33.7,6.78000020980835,25.6
2007,0.975922132963376,32.9,6.07999992370605,24.9
2008,-1.61594062742927,33.8,6.71999979019165,25.7
2009,-5.71150838276657,33.8,7.75,25.4
