year,GDP per capita growth (annual %),Gini index (World Bank estimate),"Unemployment, total (% of total labor force) (national estimate)",Income share held by highest 10%
1971,,,,
1972,,,,
1973,,,,
1974,,,,
1975,,,,
1976,,,,
1977,,,,
1978,,,,
1979,,,,
1980,,,,
1981,,,,
1982,,,,
1983,,,,
1984,,,,
1985,,,,
1986,,,,
1987,,,,
1988,,,,
1989,,,,
1990,-3.16283660085705,,,
1991,-5.31876213941464,,,
1992,-14.6139204873834,,5.17999982833862,
1993,-8.61968136075284,48.4,5.88000011444092,38.3
1994,-12.5397903310522,,8.13000011444092,
1995,-4.12277441867944,,9.44999980926514,
1996,-3.61497784098323,46.1,9.67000007629395,35.6
1997,1.56771078157433,38.4,11.8100004196167,29.4
1998,-5.14311644132803,38.1,13.2600002288818,28.6
1999,6.7294958202182,37.4,13.039999961853,27.7
2000,10.4637179957182,37.1,10.5799999237061,27.6
2001,5.54671704833198,36.9,8.97999954223633,27.9
2002,5.18274681321141,37.3,7.88000011444092,28.2
2003,7.78796520165758,40.0,8.21000003814697,30.3
2004,7.63249250134936,40.3,7.76000022888184,30.5
2005,6.80660616778128,41.3,7.11999988555908,31.4
2006,8.55494495721565,41.0,7.05999994277954,31.3
2007,8.6857606113937,42.3,6.0,32.8
2008,5.24621403349268,41.6,6.21000003814697,32.5
2009,-7.82774909202175,39.8,8.30000019073486,31.1
