year,GDP per capita growth (annual %),Gini index (World Bank estimate),"Unemployment, total (% of total labor force) (national estimate)",Income share held by highest 10%
1971,3.07331424010384,,3.29999995231628,
1972,3.96855617636645,,3.70000004768372,
1973,6.31824497715544,,2.59999990463257,
1974,-2.54587718370763,30.0,2.59999990463257,23.9
1975,-1.46633523048108,,4.0,
1976,2.93558916255412,,5.5,
1977,2.49143780258392,,5.80000019073486,
1978,4.19867544620412,,5.69999980926514,
1979,3.65596565979993,28.4,5.30000019073486,22.4
1980,-2.14838726420807,,6.80000019073486,
1981,-0.822285227511145,,10.3999996185303,
1982,2.03145568342806,,10.8999996185303,
1983,4.18632125188361,,11.0900001525879,
1984,2.10738019481506,,10.8999996185303,
1985,3.91131917624503,,11.4899997711182,
1986,2.91171025511218,31.9,11.5100002288818,24.4
1987,5.16887217107056,,11.0200004577637,
1988,5.49788070975809,,9.01000022888184,
1989,2.31092868933305,,7.40999984741211,
1990,0.433081174319,,6.96999979019165,
1991,-1.40848580401779,35.9,8.55000019073486,27.1
1992,0.129933044128521,,9.77999973297119,
1993,2.24441059958784,,10.3500003814697,
1994,3.58196751087989,36.1,9.64999961853027,28.0
1995,2.26078359022632,36.3,8.6899995803833,27.4
1996,2.16806456384484,,8.1899995803833,
1997,4.63917670980547,,7.07000017166138,
1998,2.85381397330664,,6.19999980926514,
1999,2.64730813606604,37.0,6.03999996185303,28.4
2000,3.30260778382726,38.4,5.55999994277954,30.5
2001,1.68045650260957,37.3,4.69999980926514,29.6
2002,1.69181111134587,35.1,5.03999996185303,27.5
2003,2.55125562450405,35.1,4.80999994277954,27.4
2004,1.77493792460548,36.0,4.59000015258789,27.8
2005,1.89127572868068,34.3,4.75,26.1
2006,1.83282608516863,34.6,5.34999990463257,26.7
2007,1.47624141181365,35.7,5.26000022888184,28.0
2008,-1.02170308717874,34.1,5.61999988555908,26.4
2009,-4.96888826969469,34.3,7.53999996185303,26.6
