year,GDP per capita growth (annual %),Gini index (World Bank estimate),"Unemployment, total (% of total labor force) (national estimate)",Income share held by highest 10%
1971,1.99560024848533,,5.90000009536743,
1972,4.13809674916803,,5.59999990463257,
1973,4.64215575918362,,4.90000009536743,
1974,-1.44513435462541,35.3,5.59999990463257,26.0
1975,-1.18458141140461,,8.5,
1976,4.39146287315934,,7.69999980926514,
1977,3.57714670598315,,7.09999990463257,
1978,4.42298460840999,,6.09999990463257,
1979,2.03388706760026,34.5,5.80000019073486,25.3
1980,-1.20929826622886,,7.09999990463257,
1981,1.53632027163708,,7.59999990463257,
1982,-2.73456972906553,,9.69999980926514,
1983,3.63197930451665,,9.60000038146973,
1984,6.312167663412,,7.5,
1985,3.25065641495195,,7.19999980926514,
1986,2.51088597322051,37.4,7.0,26.7
1987,2.53862353181282,,6.19999980926514,
1988,3.23541610148099,,5.5,
1989,2.69816668204892,,5.30000019073486,
1990,0.741486100606451,,5.59999990463257,
1991,-1.43420012129813,38.0,6.80000019073486,27.5
1992,2.09661276120214,38.4,7.5,27.7
1993,1.40570855626423,40.4,6.90000009536743,29.7
1994,2.76088230054073,40.0,6.11999988555908,29.6
1995,1.46871823682066,39.9,5.65000009536743,29.7
1996,2.57225920638291,40.3,5.44999980926514,30.0
1997,3.13259494968293,40.5,5.0,30.4
1998,3.27052405029819,40.0,4.51000022888184,29.7
1999,3.55719308636057,40.0,4.21999979019165,29.9
2000,2.97520862932463,40.1,3.99000000953674,30.3
2001,0.0036489757827098,40.6,4.73000001907349,30.6
2002,0.802103853582764,40.4,5.78000020980835,30.1
2003,1.98092583511948,40.8,5.98999977111816,30.2
2004,2.84268063989242,40.3,5.53000020980835,30.1
2005,2.5635024091702,41.0,5.07999992370605,30.8
2006,1.86795551589975,41.4,4.61999988555908,31.2
2007,0.911865593620419,40.8,4.61999988555908,30.4
2008,-1.07670008481743,40.8,5.78000020980835,30.3
2009,-3.38743566168993,40.6,9.25,30.4
